import pandas as pd
import seaborn as sns
import matplotlib.pyplot as plt

# Sample data frame setup
data = {
    'Age_First_Seen_Porn':               [1, 1, 2, 2, 1, 2, 2, 1, 2, 2, 2, 1, 1, 1, 0, 1, 1, 3, 2, 2, 1, 2, 1, 3, 1, 3, 3, 1, 3, 3, 1, 1, 2, 1, 0, 0, 1, 1, 1, 3, 1, 1, 2, 3, 2, 1, 2, 3, 3, 2, 2, 1, 3, 1, 2, 3, 1, 3, 1, 2, 0, 3, 3, 1, 2, 1, 2, 1, 2, 0, 3, 3, 1, 2, 2, 1, 2, 1, 1, 2, 2, 1, 2, 2, 0, 2, 1, 2, 2, 3, 2, 2, 2, 1, 2, 0, 1, 2, 0, 2, 2, 0, 1, 3, 2, 1, 1, 1, 1, 2, 2, 1, 0, 1, 0, 2, 1, 1, 1, 1, 1, 1, 1, 1, 1, 1, 2, 0, 2, 1, 1, 1, 3, 2, 0, 2, 2, 2, 1, 1, 0, 1, 2, 2, 2, 2, 2, 2, 1, 2, 1, 2, 1, 0, 1, 1, 2, 1, 1, 0, 1, 0, 0, 1],
    'Sexual_Harassment':                 [0, 0, 0, 1, 0, 0, 0, 0, 0, 1, 0, 1, 0, 0, 1, 0, 0, 0, 0, 1, 0, 1, 0, 0, 0, 1, 0, 1, 1, 0, 1, 0, 0, 1, 0, 0, 0, 1, 0, 1, 1, 0, 0, 0, 1, 1, 0, 0, 0, 1, 0, 0, 1, 1, 0, 0, 0, 0, 0, 0, 0, 0, 1, 0, 0, 0, 1, 0, 1, 0, 0, 1, 0, 0, 0, 1, 1, 0, 1, 0, 1, 0, 1, 0, 0, 1, 0, 0, 1, 0, 0, 0, 1, 0, 0, 0, 0, 0, 0, 1, 1, 1, 0, 0, 1, 1, 1, 0, 0, 1, 0, 0, 0, 0, 1, 1, 0, 0, 0, 0, 1, 0, 0, 0, 0, 1, 0, 1, 0, 0, 0, 0, 0, 0, 1, 1, 0, 0, 0, 0, 0, 0, 1, 0, 0, 0, 0, 0, 1, 1, 0, 0, 0, 0, 0, 0, 1, 0, 0, 1, 0, 1, 0, 0],
    'Frequency_Watching_Porn':           [1, 0, 0, 1, 1, 1, 0, 1, 2, 1, 0, 1, 1, 3, 0, 1, 1, 0, 0, 0, 0, 0, 3, 0, 1, 4, 0, 0, 0, 0, 3, 1, 1, 3, 1, 1, 4, 1, 1, 1, 1, 0, 1, 1, 3, 0, 3, 0, 1, 0, 3, 0, 0, 0, 0, 1, 0, 1, 0, 0, 2, 1, 0, 3, 3, 0, 0, 0, 0, 1, 3, 0, 1, 0, 1, 0, 1, 1, 0, 0, 1, 0, 1, 3, 0, 1, 3, 3, 1, 0, 0, 1, 3, 1, 0, 1, 2, 0, 0, 0, 0, 1, 1, 0, 0, 1, 0, 0, 0, 1, 1, 0, 0, 0, 1, 0, 0, 0, 0, 3, 0, 4, 1, 2, 0, 1, 0, 4, 0, 0, 1, 1, 0, 0, 2, 2, 0, 0, 1, 0, 1, 0, 1, 1, 1, 1, 1, 0, 0, 1, 1, 4, 0, 2, 0, 0, 3, 1, 1, 1, 3, 1, 2, 1],
    'Felt_Guilty':                       [1, 1, 1, 1, 1, 1, 1, 1, 1, 1, 1, 1, 1, 0, 1, 1, 0, 0, 1, 1, 1, 1, 1, 1, 1, 1, 1, 0, 1, 1, 1, 1, 1, 0, 1, 1, 0, 0, 1, 0, 1, 1, 1, 1, 1, 0, 1, 0, 1, 0, 1, 1, 1, 1, 0, 1, 0, 1, 1, 0, 1, 1, 0, 1, 1, 1, 0, 1, 1, 0, 1, 0, 1, 0, 1, 1, 1, 0, 1, 0, 1, 1, 1, 0, 1, 1, 1, 1, 1, 1, 0, 0, 1, 1, 1, 1, 1, 1, 1, 1, 1, 1, 1, 1, 1, 1, 0, 1, 1, 1, 1, 1, 1, 1, 1, 1, 1, 1, 0, 1, 1, 1, 1, 0, 1, 1, 0, 1, 1, 0, 1, 1, 1, 1, 1, 0, 1, 0, 1, 1, 1, 1, 0, 0, 1, 1, 1, 1, 1, 1, 0, 0, 1, 1, 1, 1, 1, 1, 1, 1, 1, 1, 0, 1],
    'Promotes_Unrealistic_Expectations': [4, 3, 4, 4, 4, 4, 2, 4, 4, 0, 4, 4, 4, 4, 4, 4, 2, 3, 4, 2, 4, 3, 3, 3, 2, 0, 4, 2, 4, 2, 3, 4, 4, 4, 4, 3, 4, 4, 3, 3, 4, 2, 4, 4, 4, 3, 4, 2, 4, 1, 2, 4, 2, 4, 4, 4, 4, 3, 3, 4, 3, 3, 4, 4, 3, 3, 3, 4, 2, 3, 4, 3, 3, 3, 4, 2, 4, 4, 4, 3, 4, 4, 3, 3, 4, 4, 3, 1, 4, 3, 3, 3, 4, 2, 4, 4, 3, 4, 4, 4, 4, 4, 4, 4, 4, 3, 3, 4, 2, 4, 4, 2, 3, 2, 3, 3, 4, 4, 4, 4, 3, 2, 4, 4, 4, 4, 3, 3, 4, 4, 4, 4, 3, 3, 4, 3, 3, 4, 3, 2, 3, 2, 4, 3, 4, 4, 2, 3, 2, 0, 4, 3, 3, 3, 3, 3, 4, 2, 0, 3, 4, 1, 4, 3],
    'Encountered_Illegal_Acts':          [1, 0, 0, 0, 1, 0, 1, 1, 1, 0, 0, 1, 0, 0, 1, 1, 0, 0, 0, 0, 1, 1, 1, 0, 1, 1, 1, 0, 0, 0, 0, 0, 0, 1, 1, 0, 0, 0, 1, 0, 0, 0, 0, 1, 1, 0, 1, 0, 0, 0, 0, 1, 0, 0, 0, 0, 1, 0, 0, 0, 0, 0, 1, 1, 0, 0, 0, 0, 0, 1, 0, 0, 0, 1, 1, 0, 1, 0, 0, 0, 0, 0, 1, 0, 0, 1, 0, 0, 1, 0, 0, 0, 1, 0, 1, 0, 0, 0, 0, 0, 0, 1, 1, 1, 1, 0, 0, 0, 0, 1, 0, 0, 1, 0, 0, 0, 0, 0, 1, 0, 0, 1, 0, 0, 0, 1, 0, 0, 0, 1, 1, 1, 0, 1, 0, 0, 0, 0, 0, 0, 0, 0, 0, 1, 1, 1, 1, 0, 0, 1, 0, 1, 0, 0, 1, 0, 1, 0, 1, 0, 1,0, 0, 1 ],
    'Unhealthy_Dynamics':                [4, 4, 2, 4, 4, 3, 3, 4, 4, 2, 4, 4, 4, 0, 4, 4, 1, 4, 4, 3, 4, 4, 2, 4, 3, 2, 3, 3, 4, 2, 3, 4, 2, 4, 3, 3, 4, 2, 4, 4, 4, 2, 4, 4, 4, 3, 4, 2, 4, 3, 3, 4, 2, 4, 3, 4, 4, 3, 2, 4, 3, 3, 4, 4, 1, 3, 4, 4, 4, 3, 4, 3, 3, 4, 3, 3, 4, 3, 4, 3, 3, 4, 4, 4, 4, 4, 3, 1, 3, 3, 3, 3, 4, 4, 4, 0, 3, 4, 4, 4, 3, 4, 4, 4, 4, 3, 3, 3, 3, 4, 4, 2, 3, 2, 3, 3, 4, 4, 4, 4, 3, 3, 3, 4, 4, 4, 3, 0, 3, 4, 3, 3, 1, 3, 3, 2, 3, 4, 4, 4, 3, 3, 3, 3, 4, 3, 2, 3, 2, 4, 4, 3, 3, 3, 1, 2, 4, 3, 3, 4, 4, 3, 3, 4],
    'Increased_Rate_of_Rape':            [4, 4, 2, 4, 4, 3, 3, 4, 2, 0, 3, 2, 2, 4, 4, 2, 1, 3, 1, 3, 4, 4, 2, 4, 3, 2, 3, 3, 3, 3, 4, 3, 1, 1, 4, 0, 4, 2, 3, 4, 4, 3, 4, 4, 4, 3, 3, 2, 4, 3, 3, 3, 3, 3, 3, 2, 4, 4, 4, 4, 1, 4, 3, 2, 0, 4, 4, 2, 3, 3, 4, 3, 3, 4, 3, 2, 3, 3, 4, 3, 3, 4, 3, 4, 4, 4, 4, 3, 2, 3, 1, 3, 4, 3, 2, 2, 3, 4, 4, 2, 3, 3, 4, 3, 2, 3, 3, 2, 4, 4, 4, 2, 4, 2, 3, 2, 4, 2, 3, 3, 4, 1, 4, 4, 3, 4, 3, 0, 2, 4, 2, 4, 3, 4, 1, 3, 4, 4, 4, 4, 1, 3, 3, 3, 3, 4, 3, 3, 4, 4, 4, 1, 2, 3, 4, 4, 4, 3, 3, 4, 3, 3, 3, 4],
    'Objectification':                   [4, 3, 2, 2, 4, 2, 3, 3, 2, 3, 4, 4, 3, 4, 4, 4, 1, 2, 3, 3, 4, 4, 1, 2, 2, 2, 2, 3, 2, 3, 3, 4, 1, 2, 4, 3, 4, 3, 3, 3, 4, 2, 3, 2, 4, 3, 2, 3, 4, 3, 3, 2, 2, 2, 3, 3, 3, 3, 3, 4, 3, 2, 3, 3, 2, 2, 2, 4, 4, 2, 3, 3, 3, 4, 2, 4, 3, 2, 0, 3, 4, 4, 2, 4, 4, 4, 4, 2, 2, 2, 1, 3, 4, 2, 2, 3, 3, 2, 2, 2, 3, 4, 4, 2, 4, 2, 3, 3, 2, 3, 2, 2, 3, 2, 3, 3, 3, 4, 3, 2, 3, 4, 3, 4, 3, 4, 2, 3, 3, 4, 2, 3, 2, 3, 1, 4, 3, 2, 2, 0, 1, 2, 3, 3, 3, 4, 3, 3, 2, 4, 1, 3, 2, 1, 2, 2, 4, 2, 2, 2, 4, 4, 3, 4],
    'Erosion_of_Cultural_Values':        [4, 3, 3, 4, 4, 3, 3, 4, 4, 2, 4, 4, 4, 4, 3, 1, 1, 3, 3, 3, 4, 3, 3, 4, 2, 2, 4, 3, 2, 3, 3, 4, 3, 4, 4, 2, 4, 4, 2, 2, 4, 2, 4, 4, 4, 3, 4, 2, 4, 3, 3, 2, 2, 4, 3, 4, 1, 3, 4, 4, 3, 4, 4, 3, 3, 3, 3, 4, 4, 2, 4, 3, 3, 4, 3, 4, 3, 3, 4, 3, 4, 4, 4, 4, 4, 4, 3, 3, 3, 3, 3, 3, 4, 3, 4, 3, 3, 4, 3, 4, 3, 3, 4, 3, 4, 3, 4, 4, 4, 4, 3, 2, 3, 2, 3, 2, 3, 4, 4, 3, 3, 3, 4, 4, 4, 4, 3, 0, 3, 4, 2, 3, 3, 2, 3, 2, 4, 4, 4, 4, 1, 3, 3, 3, 4, 3, 2, 3, 2, 4, 4, 3, 3, 3, 1, 3, 4, 2, 3, 4, 4, 4, 3, 4],
    'Contr_to_Increase_of_Homosexuality':[3, 3, 2, 3, 4, 2, 2, 4, 3, 1, 3, 4, 2, 0, 2, 3, 1, 4, 2, 2, 4, 3, 3, 4, 3, 2, 4, 3, 3, 3, 2, 4, 1, 1, 4, 1, 2, 4, 3, 4, 4, 3, 4, 2, 4, 2, 3, 2, 3, 3, 3, 3, 2, 3, 4, 3, 3, 3, 4, 4, 1, 3, 2, 2, 2, 3, 3, 3, 3, 2, 4, 4, 3, 4, 3, 4, 2, 3, 4, 3, 2, 3, 3, 4, 4, 4, 4, 3, 3, 2, 3, 2, 4, 3, 3, 4, 3, 2, 1, 2, 3, 4, 4, 3, 3, 2, 4, 3, 4, 4, 2, 2, 3, 2, 3, 3, 2, 4, 4, 3, 3, 2, 3, 4, 2, 4, 1, 0, 3, 4, 1, 4, 3, 4, 2, 4, 3, 4, 1, 2, 1, 3, 3, 4, 4, 2, 3, 3, 2, 2, 4, 3, 2, 1, 0, 2, 4, 3, 3, 1, 3, 1, 2, 2],
    'Culture_and_Religious_Practices':   [4, 3, 2, 4, 4, 3, 3, 4, 4, 0, 3, 2, 3, 4, 3, 1, 1, 4, 4, 3, 4, 3, 3, 4, 4, 2, 4, 4, 3, 4, 4, 4, 2, 4, 4, 2, 4, 3, 4, 3, 4, 3, 4, 1, 4, 1, 4, 1, 2, 3, 3, 1, 3, 4, 3, 4, 1, 4, 4, 4, 1, 4, 3, 3, 1, 4, 3, 3, 4, 3, 4, 3, 3, 4, 3, 4, 3, 3, 4, 3, 1, 3, 4, 4, 4, 4, 4, 2, 4, 4, 3, 3, 4, 3, 3, 3, 3, 4, 4, 2, 1, 3, 4, 3, 4, 1, 4, 4, 4, 4, 2, 2, 3, 2, 3, 3, 3, 4, 3, 3, 2, 4, 4, 4, 4, 4, 3, 0, 2, 4, 2, 3, 2, 3, 2, 3, 4, 4, 4, 4, 1, 3, 3, 4, 4, 4, 2, 3, 2, 1, 4, 3, 3, 3, 0, 3, 4, 2, 3, 4, 4, 4, 2, 0],
    'Addiction_to_Pornography':          [1, 3, 3, 1, 3, 1, 0, 3, 1, 1, 3, 3, 3, 3, 1, 1, 3, 3, 3, 1, 1, 1, 1, 1, 0, 0, 1, 1, 1, 3, 3, 3, 3, 1, 3, 1, 3, 3, 1, 1, 3, 1, 1, 1, 3, 1, 3, 3, 3, 3, 3, 1, 0, 1, 3, 1, 3, 1, 1, 0, 3, 3, 1, 3, 1, 3, 1, 3, 0, 3, 3, 1, 3, 3, 1, 3, 1, 1, 3, 3, 1, 3, 3, 0, 3, 1, 3, 3, 2, 3, 3, 3, 1, 3, 0, 1, 3, 0, 3, 3, 0, 1, 2, 3, 1, 1, 1, 1, 3, 3, 1, 0, 1, 0, 3, 1, 1, 1, 1, 1, 1, 1, 1, 1, 1, 3, 0, 3, 1, 1, 1, 2, 3, 0, 3, 3, 3, 1, 1, 0, 1, 3, 3, 3, 3, 3, 3, 1, 3, 1, 3, 1, 0, 1, 1, 3, 1, 1, 0, 1, 0, 0, 1, 1],
    'Addiction_to_Pornography_Age_Group':[1, 1, 1, 1, 1, 1, 2, 1, 1, 0, 1, 2, 1, 2, 2, 1, 1, 2, 2, 1, 1, 0, 1, 1, 0, 0, 1, 1, 1, 2, 2, 2, 2, 1, 2, 1, 2, 2, 1, 1, 2, 1, 1, 1, 2, 1, 2, 2, 2, 2, 2, 1, 0, 1, 2, 1, 2, 1, 1, 0, 2, 2, 1, 2, 1, 2, 1, 2, 0, 2, 2, 1, 2, 2, 1, 2, 1, 1, 2, 2, 1, 2, 2, 0, 2, 1, 2, 2, 3, 2, 2, 2, 1, 2, 0, 1, 2, 0, 2, 2, 0, 1, 3, 2, 1, 1, 1, 1, 2, 2, 1, 0, 1, 0, 2, 1, 1, 1, 1, 1, 1, 1, 1, 1, 1, 2, 0, 2, 1, 1, 1, 3, 2, 0, 2, 2, 2, 1, 1, 0, 1, 2, 2, 2, 2, 2, 2, 1, 2, 1, 2, 1, 0, 1, 1, 2, 1, 1, 0, 1, 0, 0, 1, 1],
}

df = pd.DataFrame(data)

plt.figure(figsize=(10, 8))
sns.heatmap(df.corr(), annot=True, cmap=sns.color_palette("YlOrRd_r", as_cmap=True))
plt.title('Heatmap of Survey Responses')
plt.show()
